[ 0.63994726  0.84832379  0.14964075  0.90726993 -0.69289057  0.20401277
  0.46849198  1.4259954 ][-0.84488505 -1.12339636 -0.16054575  0.53090156 -0.69289057 -0.68442195
 -0.36506078 -0.19067191][ 1.23388019  1.94372388 -0.26394125 -1.28821221 -0.69289057 -1.10325546
  0.60439732 -0.10558415][-0.84488505 -0.99820778 -0.16054575  0.15453319  0.12330164 -0.49404308
 -0.92076261 -1.04154944][-1.14185152  0.5040552  -1.50468724  0.90726993  0.76583594  1.4097456
  5.4849091  -0.0204964 ][ 0.3429808  -0.15318486  0.25303625 -1.28821221 -0.69289057 -0.81134119
 -0.81807858 -0.27575966][-0.25095213 -1.34247638 -0.98770975  0.71908574  0.07120427 -0.12597727
 -0.676133   -0.61611067][ 1.82781311 -0.184482   -3.57259724 -1.28821221 -0.69289057  0.41977549
 -1.02042653 -0.36084741][-0.54791859  2.38188392  0.04624525  1.53455054  4.02192191 -0.18943689
 -0.94794368  1.68125866][ 1.23388019  0.12848945  1.39038675 -1.28821221 -0.69289057 -4.06047387
 -0.7244549   1.76634642][ 0.04601433 -0.34096773  1.18359575 -1.28821221 -0.69289057  0.71168975
 -0.84827977 -0.27575966][ 1.82781311  1.4742667   0.25303625 -1.28821221 -0.69289057  0.76245745
  0.1966813   0.06459135][ 1.82781311  0.56664949  0.56322275 -1.28821221 -0.69289057 -0.62096232
  2.92686858  2.02160968][-0.84488505  2.13150675 -0.47073225  0.15453319  6.65283938 -0.24020459
 -0.2231152   2.19178518][ 0.3429808   1.41167241  0.14964075 -0.09637905  0.82661621 -0.78595734
  0.34768723  1.51108316][ 0.93691372 -0.65393918 -3.57259724 -1.28821221 -0.69289057 -0.25289651
  0.03661501 -0.10558415][-1.14185152 -0.09059057  0.77001375  1.66000666  1.30417549  1.75242756
  0.23896296 -0.19067191][ 0.93691372 -0.43485916  0.25303625 -1.28821221 -0.69289057 -0.30366421
 -0.65801229 -0.19067191][-0.84488505 -0.56004775 -2.02166474  1.09545411  0.02778979  1.43512945
 -0.87244072 -0.0204964 ][-0.84488505 -0.184482    0.04624525  0.59362962  0.14066744  0.33093202
  0.17252035 -0.10558415][-0.25095213  0.1597866   0.97680475  1.28363829  1.34758997  0.92745247
  0.70104112 -0.53102292][ 1.23388019 -0.68523633  0.77001375 -1.28821221 -0.69289057  0.43246741
 -0.25331639  1.4259954 ][ 0.93691372  2.35058677  1.08020025 -1.28821221 -0.69289057  0.99091209
 -0.06304891  0.66020563][ 1.53084665 -0.05929342  0.56322275  0.90726993 -0.69289057 -0.37981576
 -0.63083122 -0.36084741][ 2.12477957  0.69183807  1.28699125  0.7818138   0.57481223  0.58477051
 -0.65801229  1.51108316][ 1.82781311  0.12848945  0.04624525  0.34271738  0.30564246 -0.11328534
 -0.8059981   0.66020563][ 0.93691372  0.81702665  0.35643175 -1.28821221 -0.69289057  0.94014439
 -0.64895193  0.83038113][-0.84488505 -0.74783062 -0.16054575 -0.3472913   0.52271486 -1.11594738
  0.04567536 -0.95646168][ 2.7187125   0.75443236  0.66661825 -0.09637905  0.26222798 -1.24286663
 -0.68519336  2.02160968][ 0.3429808  -0.12188771  1.18359575 -1.28821221 -0.69289057  0.26747239
 -0.40734244  0.40494237][ 0.3429808  -0.37226487  0.304734    0.34271738 -0.69289057  0.50861896
  0.22386236  2.27687294][-0.25095213  1.16129525  0.35643175  0.96999799  1.43441893 -0.04982572
  1.14499856 -0.44593516][-0.25095213 -1.02950492 -0.57412775 -0.59820354 -0.22401419 -0.91287659
 -0.61875075 -0.95646168][ 0.63994726 -0.90431634  1.18359575 -1.28821221 -0.69289057 -1.53478089
 -0.85734012 -0.44593516][ 1.82781311  0.03459802  0.45982725  0.65635768 -0.69289057 -0.5575027
  0.12117833  1.00055664][ 0.04601433 -0.56004775 -0.47073225  0.7818138   0.97422544 -1.01441198
  1.49231221 -0.0204964 ][ 2.12477957  0.53535234  0.35643175 -1.28821221 -0.69289057  0.15324507
 -0.15667259  0.14967911][ 1.53084665 -0.59134489  0.35643175  1.03272605 -0.69289057  0.1151693
  0.58325649  1.08564439][-0.54791859 -0.96691063 -0.05715025  1.34636635 -0.69289057  0.7878413
  0.09399726 -0.53102292][ 0.04601433 -0.30967058  0.14964075  1.66000666  1.10446888  0.64823013
  2.77284253  1.93652192][-0.25095213  1.84983245 -0.26394125  0.27998931 -0.08508786  0.25478047
 -0.60667027 -0.61611067][ 0.93691372  0.37886661  0.77001375 -1.28821221 -0.69289057  1.04167979
  0.67688017  0.31985461][ 0.93691372 -0.46615631  1.18359575 -0.15910711 -0.69289057 -1.179407
 -0.71539454  1.2558199 ][1.53084665 1.56815814 2.11415525 0.21726125 1.39100445 1.70165987
 0.75238313 1.76634642][ 0.93691372  1.19259239 -0.26394125 -1.28821221 -0.69289057 -0.58288655
 -0.53720754  0.57511787][-1.14185152  1.84983245 -0.16054575  1.15818217 -0.69289057  1.27013443
  4.29196222 -0.70119842][-0.84488505  0.7857295  -0.67752325 -1.28821221 -0.69289057 -0.29097229
  0.2782245  -0.36084741][-0.54791859 -1.5615564   0.04624525  0.40544544 -0.69289057 -0.506735
  0.34466711 -0.95646168][ 0.93691372 -0.56004775 -0.16054575  0.71908574 -0.69289057  0.90206862
 -0.38620161 -0.19067191][ 0.93691372 -0.49745345 -3.57259724 -1.28821221 -0.69289057 -4.06047387
 -0.50398624 -0.78628618][-0.84488505 -0.56004775  0.56322275 -0.59820354  0.01910689 -1.59824051
  0.05775584 -0.95646168][-0.84488505 -0.62264204 -0.98770975 -0.3472913  -0.38030632 -0.98902814
  0.16345999 -0.61611067][ 0.3429808  -1.02950492 -0.16054575  0.02907707 -0.49318397 -0.96364429
 -0.39224185 -0.27575966][ 1.23388019  1.72464386  1.08020025  0.84454186  1.9119782   0.2167047
 -0.01472701  2.10669743][ 0.93691372  0.91091809 -0.16054575  1.34636635  2.27665983  0.34362394
  0.74332278  0.74529338][-0.84488505 -1.4989621  -0.98770975 -0.6609316  -0.69289057 -1.14133123
 -0.676133   -1.04154944][ 0.93691372  2.06891246 -0.05715025  1.15818217  1.94670979  0.72438168
 -0.65801229  0.66020563][-1.14185152 -0.65393918  0.97680475  2.47547145  0.26222798  1.87934681
  1.48023173 -0.19067191][-1.14185152  0.7857295   0.66661825 -1.28821221 -0.69289057  1.07975556
  3.95370893  0.91546889][-1.14185152 -0.49745345 -0.26394125  1.28363829  0.54008065  1.20667481
 -0.9026419  -0.95646168][-0.54791859 -1.15469351 -3.57259724 -1.28821221 -0.69289057 -4.06047387
 -0.50700636 -1.04154944][ 1.23388019  0.37886661  0.14964075 -1.28821221 -0.69289057  0.1151693
 -0.60969039  0.49003012][ 0.3429808  -2.40657932 -0.36733675 -1.28821221 -0.69289057 -0.88749274
  0.34768723  0.23476686][-0.54791859  0.62924378 -0.57412775  0.84454186  0.41852011 -0.83672504
  0.68594052 -0.78628618][ 0.93691372 -0.21577915 -0.16054575 -1.28821221 -0.69289057  0.10247738
 -0.64593181  0.74529338][ 0.3429808  -0.68523633  0.25303625  0.40544544 -0.69289057 -0.37981576
 -0.81203834 -0.10558415][-1.14185152 -0.37226487  0.97680475  0.59362962 -0.69289057  0.0644016
  1.15707904  0.40494237][-0.54791859 -0.37226487  1.18359575 -1.28821221 -0.69289057  1.3589779
  1.12687785  1.76634642][-0.84488505 -0.81042491 -0.16054575 -0.47274742 -0.36294053 -1.57285666
 -0.4164028  -0.70119842][ 0.04601433  0.7857295   0.8217115   0.40544544  0.17539902 -0.39250768
 -0.85432    -0.53102292][-0.54791859 -0.65393918 -0.16054575 -0.03365099  0.08857006  0.1151693
  1.19332046 -0.44593516][ 0.3429808   0.56664949 -0.26394125  0.90726993  0.52271486 -0.43058346
 -0.18385366 -0.61611067][ 2.7187125   0.1597866   1.08020025 -1.28821221 -0.69289057  1.44782138
  0.33560676  0.74529338][ 0.04601433  0.25367803  0.87340925 -0.03365099  1.65149133  0.39439164
 -0.72747502 -0.87137393][-8.44885053e-01 -1.31117923e+00  3.04734002e-01  5.93629620e-01
 -6.92890572e-01  9.41978774e-04 -2.29155437e-01 -9.56461683e-01][-0.84488505 -3.78365371 -1.09110524 -0.03365099 -0.69289057 -0.92556851
 -1.00230582 -0.95646168][ 0.93691372 -1.8432307   0.45982725 -1.28821221 -0.69289057  0.07709353
 -0.24425603  0.66020563][ 0.3429808  -0.81042491  0.14964075  0.7818138  -0.69289057  0.72438168
 -0.30767852 -0.53102292][-1.14185152  0.31627232 -3.57259724 -1.28821221 -0.69289057  1.42243753
 -0.60969039 -0.61611067][-0.54791859 -0.27837344 -0.16054575  0.09180513 -0.69289057 -0.88749274
 -0.497946   -0.78628618][-0.25095213 -0.24707629 -1.29789624 -0.47274742 -0.69289057 -1.21748278
 -1.00230582 -0.95646168][-0.54791859 -1.46766496 -3.57259724 -1.28821221 -0.69289057 -4.06047387
 -1.11707033 -0.95646168][ 0.93691372 -1.18599065  0.45982725  0.34271738 -0.07640496 -0.34173998
  0.89130859  0.23476686][-1.14185152 -0.62264204 -0.2122435   0.4681735  -0.69289057 -0.93826044
 -0.70935431 -0.95646168][ 0.3429808   0.5040552   2.01075975 -1.28821221 -0.69289057  2.1331853
 -0.73955549  0.31985461][-0.54791859 -0.34096773  0.25303625  0.53090156  0.39247142  0.05170968
  0.6829204  -0.53102292][ 2.7187125  -0.46615631  0.14964075  2.09910309 -0.69289057  0.58477051
 -0.88754131  1.00055664][-0.54791859 -0.65393918 -0.05715025  0.27998931 -0.07640496  0.82591707
 -0.44660398 -0.61611067][ 3.31264542  0.47275805  0.04624525  0.71908574  0.26222798  0.64823013
 -0.96304428  0.83038113][-0.84488505 -0.43485916 -0.05715025 -0.09637905 -0.69289057 -0.69711387
 -0.92680285 -0.78628618][-0.84488505 -1.27988209 -0.729221   -1.28821221 -0.69289057 -1.63631629
 -0.64593181 -1.04154944][ 0.04601433  0.06589516  0.56322275 -0.3472913   0.83529911  0.00094198
 -0.08720986  0.06459135][ 0.93691372 -1.24858494  0.45982725  1.22091023 -0.27611157  1.86665489
 -0.63687146  0.74529338][ 0.04601433  0.41016376  0.14964075 -1.28821221 -0.69289057 -1.03979583
 -0.58854956  2.27687294][-0.54791859  0.66054092  0.66661825 -0.15910711 -0.13718523 -0.92556851
  0.87318788 -1.04154944][ 0.63994726  0.72313521  0.14964075  0.40544544  1.2868097   0.24208854
 -0.65499217  0.57511787][-0.54791859 -0.90431634 -0.36733675  0.4681735  -0.69289057 -0.04982572
 -1.03250701 -0.78628618][-0.84488505 -1.5615564  -1.09110524 -0.15910711 -0.03299048 -1.47132127
 -0.4496241  -0.95646168][ 0.63994726 -0.8730192  -0.98770975  0.59362962 -0.13718523 -0.41789153
 -0.34996018 -0.87137393][-0.84488505  0.03459802  1.08020025  1.9109189   1.21734653  2.24741262
 -0.44358386 -0.19067191][-0.84488505  1.31778097  0.14964075 -1.28821221 -0.69289057  0.8893767
  2.26546259 -0.0204964 ][-0.84488505  0.94221523 -0.47073225 -1.28821221 -0.69289057 -0.74788157
 -0.88452119 -0.95646168][-1.14185152  0.12848945  1.39038675 -1.28821221 -0.69289057 -1.20479085
 -0.63385134 -1.04154944][-0.84488505 -1.24858494  0.14964075 -0.15910711 -0.34557474 -0.68442195
 -0.57042885 -0.78628618][-0.54791859 -1.12339636 -0.2122435  -1.28821221 -0.69289057  0.96552824
  1.38358794 -0.53102292][-0.84488505  0.1597866  -0.67752325  0.53090156  0.62690961 -0.41789153
  0.99399263 -1.04154944][-0.84488505 -0.77912776  2.73452825 -1.28821221 -0.69289057 -1.21748278
 -0.79995787 -0.53102292][ 0.04601433  0.72313521 -0.57412775  0.4681735   0.52271486 -0.31635613
 -0.55834837  0.31985461][-0.25095213 -1.18599065 -0.57412775  0.65635768 -0.53659845  0.29285624
 -0.41036256 -0.70119842][-1.14185152 -0.81042491  0.8217115   0.27998931 -0.38030632  0.6863059
 -0.67915312 -0.78628618][-0.25095213  1.56815814  0.14964075  0.7818138   0.47930038  0.165937
 -0.82411882 -0.78628618][ 1.23388019  1.06740381 -0.36733675  0.34271738  3.60514291  0.25478047
  0.21480201  1.08564439][-0.84488505 -0.99820778  0.35643175  0.84454186 -0.37162342 -0.10059342
 -0.84525965 -0.87137393][ 0.04601433 -1.40507067 -0.36733675 -1.28821221 -0.69289057  0.25478047
 -0.24425603 -0.70119842][ 0.93691372  1.22388954 -0.78091875  0.71908574  0.82661621 -0.18943689
  0.35070735  0.49003012][ 0.04601433  0.7857295   1.18359575 -1.28821221 -0.69289057 -0.10059342
  0.20272153  2.36196069][ 0.3429808   0.09719231  0.25303625 -1.28821221 -0.69289057  0.25478047
 -0.76069632  0.40494237][ 0.3429808  -1.34247638 -1.09110524 -1.28821221 -0.69289057  0.2167047
  0.55003518 -0.70119842][ 0.04601433 -0.74783062 -0.47073225  0.15453319 -0.69289057 -0.48135115
 -0.08720986 -0.95646168][ 0.04601433 -0.68523633  0.35643175 -0.3472913  -0.25006288 -1.11594738
 -0.75163597 -1.04154944][-1.14185152  1.28648383  0.35643175  2.22455921  0.17539902  2.69162998
  0.86714764 -0.70119842][ 0.63994726 -0.30967058 -0.26394125  1.15818217 -0.69289057  0.28016432
 -0.63989158 -0.78628618][-0.54791859 -0.43485916  0.25303625  0.59362962  0.17539902  0.20401277
 -0.20499449 -0.87137393][ 0.3429808   0.34756947  0.56322275 -1.28821221 -0.69289057 -0.6590381
 -0.86338036  3.04266271][-1.14185152 -0.24707629  0.35643175 -1.28821221 -0.69289057  0.165937
 -0.58552944 -0.87137393][-0.84488505 -1.02950492 -2.02166474  1.34636635  0.16671612  2.92008462
  0.07285643 -0.61611067][-0.25095213 -0.02799627  0.04624525  0.59362962  0.47930038  1.38436175
 -0.06002879 -0.27575966][-0.84488505 -0.09059057 -0.57412775  0.96999799  0.12330164  0.165937
 -0.63687146 -0.87137393][-0.84488505 -0.12188771  0.97680475  0.21726125  0.56612934  0.31824009
 -0.20801461  0.57511787][-1.14185152 -0.49745345  0.77001375 -1.28821221 -0.69289057 -0.51942693
  0.81278551  2.44704844][ 0.04601433  1.63075243  0.04624525 -0.41001936  0.76583594 -0.29097229
 -0.33485959 -0.0204964 ][ 1.53084665  0.03459802 -0.67752325 -1.28821221 -0.69289057  0.165937
  1.93928977 -0.0204964 ][-0.25095213  1.53686099 -0.26394125  1.03272605  1.26076101  0.31824009
 -0.34996018 -0.27575966][ 1.23388019 -1.15469351  0.25303625  0.65635768 -0.69289057  0.80053322
 -0.0449282   0.49003012][-0.54791859 -0.77912776 -0.05715025 -0.47274742 -0.26742867 -1.3824778
  0.52889435 -0.61611067][-0.54791859  0.12848945 -0.47073225 -0.03365099  0.52271486  0.22939662
 -1.15935199 -0.19067191][-1.14185152 -0.65393918  0.04624525  0.34271738 -0.25874578 -0.15136112
  0.37788842 -1.04154944][-1.14185152 -0.8730192  -0.47073225  0.27998931  0.10593585 -0.41789153
  0.1815807  -0.95646168][-1.14185152  0.25367803  0.56322275 -1.28821221 -0.69289057 -0.10059342
  0.698021   -0.36084741][ 0.3429808  -0.49745345  0.14964075  0.53090156  2.1290506   0.62284628
 -0.94492356 -0.44593516][-0.25095213  0.22238089  0.45982725 -1.28821221 -0.69289057 -1.3824778
 -0.61573063  1.85143417][ 0.3429808  -0.46615631  0.66661825  0.59362962 -0.69289057  0.95283632
 -0.56136849  0.40494237][-0.54791859 -0.40356202 -0.88431425  0.34271738 -0.14586813  0.0644016
 -0.46472469 -0.95646168][ 1.82781311 -0.40356202 -0.16054575 -1.28821221 -0.69289057  0.05170968
 -0.60365015  0.74529338][ 0.04601433  1.03610667 -0.36733675  0.65635768  1.77305187  0.10247738
 -0.70935431 -0.87137393][-1.14185152 -0.59134489  0.304734    0.15453319 -0.69289057 -4.06047387
  0.30238545 -1.04154944][ 1.53084665 -1.99971643  0.56322275  1.03272605 -0.69289057  0.10247738
 -1.13519104  0.66020563][-0.54791859 -0.46615631 -0.26394125  0.90726993  0.34037404 -0.18943689
  2.80304371  0.06459135][ 0.3429808   0.81702665  0.45982725 -1.28821221 -0.69289057  0.2167047
 -0.76673656  2.7023117 ][-0.54791859 -0.96691063  0.04624525 -0.22183517 -0.69289057 -0.59557847
 -1.16841235 -0.95646168][-0.84488505  0.47275805  0.25303625  1.84819084  1.0784202   0.6863059
 -0.22009508 -0.78628618][ 0.04601433 -0.21577915 -0.2122435  -1.28821221 -0.69289057 -1.2809424
 -0.12043116  0.31985461][1.53084665 1.09870096 0.87340925 0.4681735  0.6529583  0.29285624
 2.16579867 0.74529338][-0.84488505  1.00480952  0.66661825  1.34636635  3.51831395  1.09244749
  0.6496991  -0.87137393][ 1.23388019  2.10020961  0.45982725 -1.28821221 -0.69289057  2.01895798
 -1.01136617  0.83038113][ 0.93691372  0.97351238  0.97680475  1.47182248 -0.69289057  2.2854884
 -0.40734244  0.23476686][-0.54791859 -0.68523633 -0.88431425 -0.3472913   0.12330164 -0.93826044
  0.49869316 -1.04154944][-0.84488505 -0.37226487 -0.67752325  0.02907707  0.47930038 -0.86210889
  1.09063642 -0.87137393][-0.54791859 -1.02950492  0.25303625 -0.09637905 -0.23269709 -0.37981576
 -0.73351526 -0.95646168][3.90657835 1.31778097 0.14964075 1.28363829 0.29695956 1.13052326
 1.04231453 1.17073215][ 0.04601433  0.94221523  1.08020025  1.09545411 -0.69289057 -0.29097229
 -0.53720754  0.23476686][ 0.93691372 -0.59134489  0.25303625  1.22091023  0.2188135   0.66092205
 -0.80901822  1.00055664][-1.14185152 -0.21577915  0.56322275  0.84454186  1.78173477  1.54935677
 -0.92076261 -0.53102292][-0.54791859 -0.65393918 -0.26394125  0.15453319 -0.69289057 -0.29097229
 -0.31371876 -1.04154944][-1.14185152  0.31627232  0.97680475 -1.28821221 -0.69289057 -0.04982572
  0.81882574 -0.10558415][ 0.63994726 -0.5287506   0.25303625 -0.15910711  0.66164119 -0.26558844
  0.75540325  0.66020563][-0.25095213  0.84832379 -0.16054575  0.27998931 -0.69289057  0.0644016
 -0.65197205 -0.95646168][ 0.04601433 -0.02799627 -0.05715025 -1.28821221 -0.69289057 -0.30366421
  0.71614171  0.06459135][ 0.04601433 -0.34096773 -0.16054575 -1.28821221 -0.69289057 -0.01174995
 -0.00264654 -0.36084741][-0.25095213 -0.30967058  1.08020025 -0.53547548 -0.01562469 -0.4559673
  0.06983631 -0.36084741][ 0.63994726 -0.59134489  0.66661825 -1.28821221 -0.69289057 -0.15136112
 -0.88150107  0.23476686][ 0.63994726  0.41016376  0.04624525  0.15453319  0.4358859   0.43246741
  0.21178189 -0.36084741][-0.54791859 -1.06080207 -3.57259724  0.15453319 -0.69289057 -0.39250768
  0.9094293  -0.70119842][-0.84488505 -1.31117923 -0.47073225  1.34636635 -0.27611157  1.4605133
  0.62251803 -0.87137393][-0.54791859 -1.43636781 -0.26394125  0.21726125 -0.2153313  -0.29097229
 -0.30767852 -0.0204964 ][1.23388019 1.8185353  0.14964075 1.34636635 0.4358859  0.08978545
 0.7463429  0.23476686][ 0.63994726 -1.12339636  0.45982725 -1.28821221 -0.69289057 -0.10059342
 -0.2714371   0.74529338][-1.14185152  0.25367803  2.11415525  1.5972786   0.4358859   4.45580749
 -0.46170458 -0.61611067][ 0.3429808   0.69183807  0.45982725 -1.28821221 -0.69289057  1.65089217
 -0.85129988  1.17073215][ 0.3429808   0.28497518  0.66661825 -1.28821221 -0.69289057  0.90206862
  1.46211102  0.31985461][ 0.63994726 -1.06080207  0.56322275 -1.28821221 -0.69289057 -1.11594738
 -1.17143246 -0.10558415][-1.14185152 -0.05929342 -0.26394125 -0.15910711  0.10593585  0.36900779
  0.76446361 -0.87137393][-0.84488505 -3.78365371  0.25303625 -0.03365099 -0.49318397 -0.54481078
 -0.52210695 -1.04154944][ 0.3429808  -1.4989621  -0.47073225 -1.28821221 -0.69289057 -0.6590381
 -0.61573063 -0.53102292][ 0.04601433  0.62924378  0.25303625 -1.28821221 -0.69289057 -0.5575027
 -0.68821348  0.57511787][ 0.93691372  2.28799248 -0.05715025  0.4681735  -0.69289057  0.49592704
  0.82486598  0.66020563][ 1.23388019  1.88112959 -0.05715025  0.96999799  3.60514291 -0.24020459
  0.43225055  2.27687294][-8.44885053e-01  2.22380888e-01  1.49378225e+00  1.28363829e+00
 -1.89282609e-01  9.41978774e-04  2.56445434e+00 -2.04963989e-02][ 1.23388019 -0.37226487  0.35643175  1.15818217  0.29695956 -0.51942693
  0.50775352 -0.19067191][ 0.3429808   0.56664949  0.56322275  0.90726993  0.69637278 -0.04982572
 -0.33485959 -0.70119842][-0.25095213 -0.30967058 -0.36733675 -1.28821221 -0.69289057 -1.19209893
 -0.99626558 -1.04154944][ 1.53084665  0.06589516  0.04624525  1.47182248  0.12330164  0.14055315
 -0.29559805  0.57511787][ 0.93691372  1.19259239 -0.16054575 -1.28821221 -0.69289057 -0.20212881
 -0.26841698  0.23476686][ 2.12477957  0.44146091 -3.57259724 -1.28821221 -0.69289057  2.57740266
  0.32050616  0.57511787][ 1.23388019 -1.12339636 -0.729221   -0.03365099 -0.69289057 -0.96364429
 -1.01438629  0.74529338][ 0.3429808   1.16129525  0.77001375  1.28363829  1.13051757  0.94014439
 -0.23217556 -0.36084741][-0.84488505 -0.49745345 -0.57412775 -1.28821221 -0.69289057 -0.97633621
 -0.86036024 -1.04154944][-0.25095213 -0.43485916 -0.36733675 -0.47274742 -0.27611157 -1.15402315
  0.62251803 -0.87137393][ 0.04601433 -0.37226487 -0.26394125  1.47182248  0.16671612  0.35631587
  1.30808497 -0.61611067][ 0.04601433  0.84832379 -0.47073225  0.40544544  2.06827033 -0.13866919
 -0.97210463 -0.36084741][-1.14185152 -0.24707629  0.56322275 -0.28456324 -0.69289057 -0.12597727
  1.21446129 -1.04154944][-0.84488505  0.53535234  0.66661825 -1.28821221 -0.69289057  1.02898787
 -0.71237443 -0.44593516][-1.14185152 -0.40356202 -0.05715025 -0.03365099 -0.69289057 -0.59557847
  0.95171097 -0.10558415][-0.54791859 -0.68523633  0.04624525 -0.28456324 -0.31084315 -1.47132127
 -0.71539454 -0.53102292][ 0.63994726 -0.56004775  0.14964075  0.71908574  0.95685965  0.72438168
 -0.44660398  1.85143417][ 0.3429808  -0.30967058  0.14964075  0.4681735  -0.69289057 -1.02710391
 -0.19593413 -0.53102292][1.23388019 2.35058677 0.35643175 0.53090156 1.73832029 0.69899783
 0.40204937 2.02160968][ 0.3429808   1.28648383  1.80396875 -1.28821221 -0.69289057  0.72438168
 -0.96908451  1.59617091][-0.84488505 -0.77912776 -0.26394125  0.40544544  0.06252137  0.15324507
 -0.55230814 -1.04154944][ 0.93691372  1.97502103  0.77001375  0.7818138  -0.69289057  0.44515934
 -0.3529803   0.66020563][-0.54791859 -1.24858494 -0.47073225  0.09180513 -0.69289057 -0.54481078
 -0.54928802 -0.70119842][-1.14185152  0.81702665  0.8217115   2.09910309 -0.69289057  1.37166983
 -0.29257793 -0.78628618][ 0.93691372  1.8185353   1.338689    0.65635768 -0.69289057  0.28016432
 -0.92982297  2.27687294][-1.14185152  0.59794663 -0.2122435   0.34271738  0.4358859   1.34628598
 -0.12345128 -0.78628618][ 1.53084665 -0.27837344  0.66661825  0.71908574  0.82661621  0.28016432
 -0.63989158  0.23476686][2.42174604 0.94221523 0.04624525 1.22091023 1.66017422 1.24475058
 0.81580563 0.40494237][ 0.3429808  -0.37226487 -0.36733675  1.28363829  0.427203    0.48323511
  0.12721857 -0.70119842][ 0.63994726  0.12848945 -0.05715025  0.59362962  0.34905694 -0.25289651
 -0.02378737 -0.10558415][ 0.3429808  -1.12339636  0.25303625  0.09180513 -0.69289057 -0.37981576
  2.27150283 -0.10558415][ 0.3429808  -0.27837344 -0.16054575 -1.28821221 -0.69289057  0.7370736
 -0.63687146  0.66020563][-1.14185152  1.75594101 -0.47073225  0.53090156  3.45753368  0.33093202
  1.81244479 -1.04154944][-0.54791859  1.16129525  1.08020025 -1.28821221 -0.69289057 -0.04982572
  1.0060731   2.78739945][ 0.93691372 -0.05929342 -3.57259724 -1.28821221 -0.69289057 -0.86210889
 -0.79391763  0.31985461][ 0.93691372  0.66054092 -0.47073225  0.7818138   0.95685965 -0.40519961
  0.6496991   2.36196069][-0.84488505 -0.65393918 -0.16054575 -0.3472913  -0.2066484  -1.06517968
  0.58627661 -0.61611067][-0.84488505 -1.06080207  0.45982725  0.40544544 -0.4150379   0.33093202
 -1.12009045 -0.95646168][-1.14185152 -0.62264204  0.35643175 -1.28821221 -0.69289057  0.47054319
 -0.82713894 -0.61611067][-0.25095213  1.28648383 -0.88431425  1.09545411 -0.69289057  0.66092205
  0.54399494 -0.78628618][ 0.04601433  2.38188392  0.04624525  1.15818217  5.76718399  0.59746243
  5.60873397 -0.19067191][-1.14185152 -0.12188771  0.56322275  0.65635768 -0.23269709  1.67627602
 -1.15633187 -0.78628618][ 0.04601433  0.66054092  0.87340925 -1.28821221 -0.69289057  1.52397292
  0.52285411 -0.95646168][ 0.63994726  0.41016376  0.56322275  1.03272605  2.51978092  1.80319526
 -0.70633419  1.08564439][-0.84488505 -1.31117923  0.56322275  0.27998931 -0.37162342 -0.83672504
  0.33560676 -0.95646168][ 0.04601433  0.03459802 -0.05715025 -1.28821221 -0.69289057  0.38169971
 -0.23519567 -0.36084741][-0.25095213 -1.46766496 -0.05715025  0.4681735  -0.30216026 -0.29097229
 -0.54022766 -0.87137393][ 0.04601433  1.56815814  0.14964075 -1.28821221 -0.69289057  1.47320522
  0.02151441 -0.61611067][0.93691372 1.88112959 0.77001375 0.02907707 0.97422544 0.49592704
 0.34466711 1.51108316][-1.14185152  1.8185353   1.08020025  0.40544544 -0.69289057  1.53666485
  0.64667898 -0.87137393][ 1.53084665  1.34907812  0.77001375  0.02907707 -0.69289057 -0.15136112
  1.08459619 -0.10558415][-1.14185152 -0.5287506   0.35643175 -1.28821221 -0.69289057 -1.72515976
  0.33258664 -0.53102292][-0.84488505 -0.93561349 -0.26394125  0.21726125 -0.69289057 -0.35443191
 -0.84525965 -1.04154944][ 0.04601433 -0.93561349  0.04624525  0.71908574  0.07120427  0.14055315
 -0.0781495  -0.95646168][-0.25095213  0.56664949 -0.78091875 -1.28821221 -0.69289057 -0.81134119
 -0.21103473 -0.95646168][ 0.63994726 -0.05929342 -0.98770975  0.09180513  0.83529911 -0.62096232
  2.55539398 -0.0204964 ][-0.54791859  0.7857295   0.35643175  0.90726993  0.99159124  0.7878413
 -0.43150339 -0.36084741][ 1.53084665  1.97502103  0.8217115  -0.3472913  -0.69289057 -0.25289651
  2.23828152  1.34090765][ 1.82781311  0.03459802 -0.05715025 -1.28821221 -0.69289057 -0.10059342
 -0.64593181  0.66020563][-1.14185152  1.38037527  1.08020025  0.7818138   5.21147866  2.57740266
 -0.13553176 -0.87137393][ 1.53084665  0.09719231  0.04624525  0.7818138   2.79763359  0.43246741
 -0.57344897  0.06459135][-0.84488505 -0.30967058  0.87340925 -0.09637905 -0.69289057 -0.24020459
 -0.99324546 -0.87137393][ 1.53084665 -0.46615631 -0.88431425 -1.28821221 -0.69289057 -0.10059342
 -0.27747734  0.74529338][-0.54791859  0.25367803  0.77001375 -1.28821221 -0.69289057 -0.506735
 -0.56740873 -0.53102292][-0.54791859 -0.96691063  0.56322275 -0.41001936 -0.2153313  -0.96364429
 -0.67311288 -0.78628618][-1.14185152 -1.09209922 -0.05715025  0.71908574 -0.69289057  0.48323511
 -0.70633419 -0.70119842][ 2.42174604 -0.90431634 -0.36733675 -0.84911579  1.54729658 -0.5575027
  1.37150746  0.91546889][-0.84488505 -0.24707629 -0.26394125  0.90726993 -0.69289057  0.20401277
  0.21480201 -1.04154944][-0.25095213 -0.30967058 -0.67752325  1.15818217 -0.69289057 -0.24020459
  0.25708367 -0.27575966][-0.54791859 -0.21577915 -0.05715025  0.09180513 -0.69289057 -0.41789153
 -1.14727152 -0.70119842][-0.84488505  2.25669533 -0.98770975 -0.28456324  2.5631954  -0.77326542
  0.5530553  -0.78628618][2.12477957 1.06740381 0.35643175 0.4681735  0.60954382 0.165937
 2.66109814 1.51108316][-0.25095213  2.19410104 -0.05715025 -0.3472913   0.4358859  -0.13866919
 -0.52210695  0.06459135][-0.25095213  0.62924378 -3.57259724 -1.28821221 -0.69289057 -0.25289651
  0.87318788 -0.53102292][ 0.04601433 -0.81042491  0.04624525  0.71908574 -0.69289057  0.0136339
  0.4231902  -0.78628618][-0.25095213  0.66054092  0.56322275 -0.3472913  -0.69289057  0.05170968
 -0.8210987   2.5321362 ][ 4.60143347e-02  6.58951615e-02 -3.67336746e-01 -1.28821221e+00
 -6.92890572e-01  9.41978774e-04 -7.42575612e-01  1.49679107e-01][ 0.3429808  -0.77912776  0.25303625 -0.15910711 -0.11113655  0.20401277
  1.58593589  0.83038113][-1.14185152  0.53535234 -3.57259724 -1.28821221 -0.69289057  0.54669473
  1.39264829 -0.70119842][-0.54791859  0.22238089 -0.26394125  1.34636635 -0.69289057  1.01629594
  1.90002823 -0.78628618][-1.14185152 -0.59134489 -0.88431425 -1.28821221 -0.69289057 -0.87480081
 -1.18955318 -1.04154944][-0.54791859  0.7857295  -3.57259724 -1.28821221 -0.69289057 -0.57019463
 -0.70029395 -0.44593516][ 1.82781311 -0.62264204  0.87340925  1.03272605 -0.69289057  1.72704372
  2.00573238  0.40494237][-0.54791859 -0.40356202 -0.36733675  0.71908574 -0.2066484  -0.86210889
 -1.03854724 -1.04154944][-0.25095213  0.03459802  0.45982725 -1.28821221 -0.69289057 -1.14133123
 -0.65801229  0.57511787][-0.84488505 -1.5615564   0.45982725  1.84819084 -0.30216026  0.15324507
 -0.15063235 -1.04154944][ 2.7187125  -0.46615631  0.04624525 -1.28821221 -0.69289057  0.28016432
 -0.66707265  1.59617091][-0.54791859 -0.65393918  0.04624525  1.97364696 -0.1979655   1.07975556
  0.61949791 -0.70119842][ 0.93691372 -0.46615631 -0.47073225  0.21726125 -0.69289057 -0.69711387
 -0.5311673  -0.36084741][-1.14185152 -0.5287506  -0.26394125  0.15453319  0.31432535 -0.53211885
 -0.05398855 -0.87137393][ 0.3429808  -0.21577915  0.25303625 -1.28821221 -0.69289057 -0.90018466
  0.82184586  2.02160968][-0.54791859 -0.40356202 -0.36733675 -0.6609316   1.72095449 -0.84941697
  1.23560212 -0.95646168][-1.14185152  0.7857295   0.04624525 -1.28821221 -0.69289057  0.74976553
 -0.4164028  -0.44593516][ 1.82781311  0.25367803  0.35643175  0.4681735   0.36642273  0.49592704
 -0.5794892   0.49003012][ 0.93691372  0.37886661  0.97680475 -0.3472913   0.6529583   0.05170968
 -0.63385134  0.31985461][ 0.93691372  1.25518668  0.87340925 -1.28821221 -0.69289057 -0.20212881
 -0.92680285  1.17073215][-0.54791859 -0.40356202  0.56322275 -1.28821221 -0.69289057 -0.63365425
 -0.6429117   1.59617091][ 0.93691372  0.47275805  0.25303625  0.34271738  0.47930038 -0.76057349
  0.52889435  1.51108316][0.3429808  1.06740381 0.77001375 1.47182248 4.03928771 0.85130092
 0.44433103 0.06459135][-0.84488505 -0.05929342  0.87340925  1.15818217  1.21734653  1.72704372
  1.01513346 -0.36084741][ 0.04601433 -0.77912776 -0.67752325 -0.22183517 -0.26742867 -1.42055357
 -0.39828208 -0.61611067][ 0.3429808  -0.40356202  0.14964075  1.40909441 -0.04167338  0.52131088
 -0.63083122 -0.0204964 ][-1.14185152 -1.34247638  0.97680475  0.53090156 -0.34557474  0.62284628
 -0.11439093 -1.04154944][-1.14185152 -0.43485916 -0.36733675  0.59362962 -0.05035627  0.58477051
  0.86110741 -0.70119842][-0.54791859  0.22238089  0.45982725  1.03272605  0.88739649  1.43512945
  2.27150283 -0.19067191][-0.84488505  0.22238089 -1.09110524  1.53455054  0.99159124  1.07975556
  0.42621032 -0.78628618][-1.14185152  1.25518668 -0.98770975 -1.28821221 -0.69289057 -1.2809424
 -0.65801229  2.7023117 ][ 0.63994726  0.94221523 -0.36733675  0.65635768  0.34905694  0.44515934
  0.66479969 -0.44593516][-0.54791859  0.7857295   0.04624525  1.09545411  2.43295196 -0.506735
 -0.40734244 -0.36084741][-1.14185152  0.1597866   0.77001375  0.53090156  1.17393205 -0.16405304
  0.14533928 -0.78628618][ 3.01567896 -0.65393918  0.45982725  0.27998931  0.90476228  0.58477051
 -0.18083354  1.08564439][ 1.23388019 -0.27837344  0.14964075 -1.28821221 -0.69289057 -1.06517968
  1.11177726  2.10669743][-1.14185152  1.44296956 -3.57259724 -1.28821221 -0.69289057  0.03901775
  1.10875714 -0.27575966][-0.54791859  0.72313521 -0.57412775  0.7818138   0.47930038 -0.04982572
 -0.15063235 -0.70119842][ 0.3429808  -1.37377352  0.66661825  1.28363829 -0.32820894  0.48323511
 -0.95398392  0.14967911][ 0.3429808  -0.184482    1.49378225 -1.28821221 -0.69289057  2.65355421
 -0.79391763 -0.44593516][-0.25095213  0.91091809  0.35643175 -1.28821221 -0.69289057 -1.39516972
 -0.79995787  0.31985461][-0.54791859 -0.02799627  0.35643175  1.03272605  0.2188135   0.97822017
 -0.77579692 -0.36084741][ 1.82781311  1.25518668 -0.05715025  0.15453319  0.45325169 -0.82403312
 -0.44056374  1.17073215][-1.14185152  0.5040552  -0.05715025 -0.41001936  0.59217802 -0.91287659
 -0.99324546 -1.04154944][-1.14185152  0.22238089 -0.05715025 -0.09637905  0.87003069 -0.18943689
  2.77586265 -0.70119842][-0.54791859  0.09719231 -0.05715025  0.4681735   1.08710309  0.1151693
  1.21748141 -0.27575966][ 0.63994726 -1.27988209 -0.16054575  0.59362962 -0.69289057 -0.73518964
 -0.47982529  0.66020563][-1.14185152 -0.46615631  0.04624525  1.03272605  0.59217802  0.94014439
  0.40204937 -0.95646168][-0.54791859  1.06740381  0.25303625 -0.22183517  0.14066744 -0.68442195
 -0.11741105 -0.53102292][-0.25095213 -0.24707629 -0.98770975 -0.6609316   0.04515558 -0.31635613
  0.46547186 -0.70119842][ 0.93691372 -0.37226487  0.56322275  0.65635768 -0.69289057  0.49592704
  1.97855132  0.83038113][-0.54791859 -0.27837344 -0.05715025  0.09180513  0.12330164  0.26747239
 -0.47378505 -0.61611067][-0.25095213 -0.68523633  0.56322275 -0.59820354 -0.13718523 -1.61093244
 -0.56740873 -0.27575966][-0.25095213  1.91242674  0.25303625 -1.28821221 -0.69289057 -0.18943689
 -0.38318149 -0.36084741][-0.25095213 -0.184482   -0.16054575  1.15818217  0.52271486  0.77514938
 -0.97210463 -0.44593516][ 0.63994726  2.28799248  0.45982725 -1.28821221 -0.69289057 -1.07787161
 -1.03552712  2.19178518][ 0.04601433  0.25367803 -0.47073225 -0.53547548  1.31285839 -0.57019463
  0.16648011 -0.19067191][-0.25095213 -0.27837344  0.25303625  0.59362962 -0.69289057 -0.04982572
 -0.83015905 -0.70119842][-1.14185152  0.09719231  0.04624525 -0.03365099 -0.69289057 -0.58288655
 -0.65801229  0.23476686][ 2.7187125   0.97351238  1.08020025  0.7818138  -0.44108659 -0.6590381
  0.78258432  0.83038113][-0.54791859 -0.27837344  0.304734    0.71908574 -0.69289057  0.47054319
 -0.97814487 -1.04154944][-0.84488505  1.1299981   0.14964075  0.02907707  0.76583594 -0.81134119
 -1.05364784 -0.78628618][-0.84488505  0.03459802 -0.26394125  0.71908574  0.66164119  0.39439164
  0.66479969 -0.27575966][ 1.82781311  1.8185353   0.04624525 -1.28821221 -0.69289057  0.39439164
 -0.8210987   0.31985461][-0.54791859 -0.59134489  0.87340925  0.96999799  0.34905694  1.71435179
 -1.04156736 -0.87137393][ 0.63994726 -0.49745345  0.04624525  0.71908574 -0.10245365 -0.15136112
 -1.05666795  0.31985461][ 1.23388019 -0.09059057  0.14964075 -0.09637905 -0.69289057 -1.1286393
  3.03257273  1.08564439][-0.54791859 -1.06080207 -0.57412775 -0.28456324 -0.24137998  0.08978545
 -0.92378273 -0.70119842][-0.84488505  1.84983245 -3.57259724 -1.28821221 -0.69289057  1.43512945
 -0.57344897  0.66020563][ 2.42174604 -0.46615631  0.56322275 -1.28821221 -0.69289057 -1.06517968
 -1.01136617  0.91546889][-0.84488505 -0.81042491 -0.47073225 -0.15910711 -0.18928261 -1.02710391
 -0.63989158 -0.95646168][-1.14185152  1.38037527  0.35643175  1.40909441  1.52124789  2.01895798
 -0.6429117  -0.61611067][-1.14185152 -0.12188771 -3.57259724 -1.28821221 -0.69289057  0.22939662
  1.38962817  0.91546889][ 0.3429808  -0.184482    0.35643175 -1.28821221 -0.69289057 -0.10059342
 -0.38922173  0.91546889][ 1.53084665  0.97351238  0.45982725  0.84454186  0.79188463  0.28016432
  1.27184355 -0.0204964 ][ 0.93691372  1.78723815  0.77001375 -1.28821221 -0.69289057  1.00360402
 -0.42546315  0.66020563][-8.44885053e-01  2.84975179e-01  4.62452528e-02 -4.72747419e-01
  2.18813500e-01 -7.73265418e-01  3.73582388e-04 -9.56461683e-01][-0.84488505 -0.81042491  0.25303625  0.02907707 -0.05903917 -0.77326542
  0.60741744  0.23476686][-8.44885053e-01 -3.78365371e+00 -5.71502470e-02  9.07269925e-01
 -6.92890572e-01  9.41978774e-04 -2.50296268e-01 -9.56461683e-01][ 0.3429808   0.03459802  0.87340925 -1.28821221 -0.69289057  0.34362394
 -0.54928802 -0.0204964 ][ 1.23388019 -0.81042491  0.14964075 -1.28821221 -0.69289057  0.61015436
  0.03963513  2.02160968][ 1.23388019  0.1597866   0.97680475  0.96999799  0.24486219  0.82591707
 -0.37110101  1.34090765][-0.84488505  0.56664949 -1.19450074 -0.09637905  0.02778979 -0.41789153
  0.55003518 -0.95646168][-0.25095213 -0.15318486 -3.57259724 -1.28821221 -0.69289057 -1.07787161
 -0.86036024 -0.87137393][-0.25095213 -0.68523633 -0.36733675 -0.09637905 -0.05035627 -1.29363432
 -0.58250932 -0.61611067][ 0.3429808  -3.78365371  0.56322275  0.71908574 -0.69289057  1.14321519
 -0.38016137  0.31985461][ 0.04601433 -0.90431634  0.56322275 -1.28821221 -0.69289057  1.29551828
 -0.70935431 -0.36084741][ 0.04601433  0.5040552   0.77001375 -1.28821221 -0.69289057 -0.10059342
 -0.66405253 -0.27575966][-0.25095213 -1.87452785  0.66661825  0.4681735  -0.69289057  0.30554817
 -0.69123359  1.08564439][-0.84488505 -0.96691063 -0.36733675 -0.53547548 -0.31952605 -0.6082704
  0.3265464  -0.78628618][-0.25095213 -0.96691063  0.45982725 -1.28821221 -0.69289057  1.3589779
  0.26312391 -1.04154944][ 1.53084665  1.38037527  0.97680475 -1.28821221 -0.69289057 -0.20212881
 -0.51304659  1.34090765][-0.84488505  0.12848945 -0.98770975  1.22091023  0.75715305  0.165937
  1.48023173 -0.44593516][ 2.7187125   0.25367803 -3.57259724  0.59362962 -0.69289057  1.00360402
  0.29332509  0.91546889][ 2.42174604 -1.02950492  0.25303625  1.22091023 -0.22401419  0.41977549
 -0.28351757  1.2558199 ][-0.84488505  2.35058677  0.35643175  0.96999799  1.46915051  0.57207858
  1.21748141 -0.36084741][ 0.3429808   2.13150675 -0.26394125  0.7818138   2.1290506  -0.10059342
  0.33560676 -0.36084741][ 0.3429808   1.16129525  0.04624525 -1.28821221 -0.69289057 -0.27828036
 -0.79995787  2.5321362 ][ 0.3429808  -0.56004775  2.01075975  1.03272605 -0.69289057  0.91476055
 -0.50398624  2.7023117 ][ 0.04601433  0.7857295   0.45982725 -1.28821221 -0.69289057  0.82591707
  0.14533928  2.87248721][ 0.04601433  0.81702665  0.25303625  0.27998931  1.85119793  0.36900779
 -0.26237674 -0.27575966][ 0.3429808  -0.68523633 -0.78091875  0.4681735   0.02778979  0.25478047
  0.08191679 -0.27575966][ 0.63994726  0.09719231  0.14964075 -1.28821221 -0.69289057 -0.5575027
 -0.31371876 -0.36084741][-1.14185152 -0.62264204 -0.26394125 -0.22183517 -0.69289057 -1.39516972
 -0.66405253 -1.04154944][-0.25095213 -1.24858494  0.87340925 -0.28456324 -0.11981944 -0.57019463
 -0.50096612 -0.95646168][-0.84488505  0.37886661  1.70057325  0.4681735   0.52271486  0.10247738
 -0.71841466  1.00055664][-0.25095213  1.63075243  0.66661825  1.72273472  3.34465603  0.81322515
  5.02887118 -0.70119842][-1.14185152 -0.09059057 -0.26394125  0.15453319  0.07988716 -4.06047387
  3.802703   -1.04154944][-1.14185152 -1.15469351 -0.26394125  0.09180513 -0.11981944  0.48323511
  0.22084225 -1.04154944][-0.54791859 -0.49745345 -0.57412775  1.22091023  0.12330164  0.36900779
 -0.74559573 -0.70119842][-0.54791859  0.03459802 -0.88431425  1.40909441  0.67900698  0.53400281
  1.03929441 -0.44593516][2.42174604 0.59794663 0.66661825 1.40909441 2.1290506  0.91476055
 0.16950023 2.10669743][-1.14185152 -0.71653347  0.66661825 -0.3472913   0.03647269 -0.86210889
 -0.52210695 -0.95646168][-0.84488505 -1.06080207 -0.47073225  1.03272605 -0.04167338  0.66092205
  0.11211797 -0.95646168][ 0.04601433  1.09870096  0.304734   -1.28821221 -0.69289057  2.06972568
 -0.70633419 -0.10558415][-1.14185152 -0.8730192   1.59717775  1.15818217 -0.06772207  1.44782138
  1.65841874  0.14967911][-0.84488505 -0.43485916  0.14964075  0.59362962  0.01910689 -0.15136112
  1.054395   -0.78628618][-1.14185152 -0.49745345 -0.05715025  0.09180513 -0.69289057 -1.52208897
 -0.71237443 -0.95646168][-0.84488505 -0.37226487 -0.47073225 -0.78638772  0.88739649 -0.83672504
  1.43492995 -1.04154944][-0.84488505 -0.96691063 -0.36733675 -0.15910711 -0.18059971 -0.87480081
  2.40438805 -0.70119842][-0.84488505  0.12848945  0.04624525  0.21726125  0.26222798 -0.97633621
 -0.75767621 -0.70119842][-0.84488505 -0.05929342 -0.78091875 -0.47274742 -0.25874578 -1.2301747
 -0.8059981  -0.78628618][ 0.3429808  -0.15318486  0.25303625  0.53090156 -0.69289057  0.03901775
  0.56815589  0.14967911][ 1.23388019 -0.49745345  1.59717775  0.96999799 -0.69289057  1.43512945
 -0.70331407  1.00055664][ 3.42980797e-01  7.23135213e-01  6.66618252e-01  3.42717375e-01
  1.78173477e+00  9.41978774e-04 -6.00287912e-02  2.10669743e+00][-0.25095213 -0.65393918 -0.05715025  0.15453319  0.010424   -0.04982572
  1.44097019 -0.44593516][-8.44885053e-01 -6.53939181e-01 -1.60545747e-01  5.30901559e-01
  1.00895703e+00  9.41978774e-04 -8.41897406e-02  7.45293379e-01][ 0.3429808   1.41167241  0.35643175 -1.28821221 -0.69289057  1.73973564
 -0.39828208 -0.53102292][-0.84488505  0.31627232 -0.26394125 -0.41001936  2.91051124 -1.05248776
 -0.25029627 -1.04154944][ 0.04601433 -0.15318486  0.14964075 -0.53547548  0.06252137 -1.25555855
 -0.02680749  0.31985461][ 0.04601433  1.16129525  0.45982725 -1.28821221 -0.69289057  0.1151693
  1.00003286 -0.19067191][-0.54791859  0.19108374 -0.57412775  0.21726125  1.69490581 -0.54481078
  3.40706745 -0.70119842][-0.25095213 -0.77912776 -0.67752325  0.84454186  0.30564246 -0.92556851
  1.4258696   0.49003012][-1.14185152  0.31627232 -0.16054575  1.22091023 -0.69289057  0.29285624
 -0.83317917 -0.95646168][-0.25095213 -1.2172878   0.04624525 -1.28821221 -0.69289057 -1.3824778
 -0.25029627 -0.70119842][-0.25095213  2.25669533  0.04624525  0.65635768 -0.69289057  0.36900779
 -0.69727383 -0.70119842][ 4.60143347e-02 -8.10424908e-01 -2.63941247e-01 -1.28821221e+00
 -6.92890572e-01  9.41978774e-04 -9.38883326e-01 -1.90671905e-01][ 0.63994726  0.5040552  -0.4190345  -1.28821221 -0.69289057 -0.98902814
 -0.96908451  1.85143417][ 0.3429808   0.47275805  0.77001375  1.28363829  0.07120427  0.38169971
 -0.56136849  0.14967911][ 1.53084665 -1.53025925  0.45982725  0.27998931 -0.69289057 -0.04982572
 -0.5794892   0.40494237][ 0.3429808   1.4742667  -0.26394125 -1.28821221 -0.69289057  0.1151693
 -1.01740641  0.66020563][-0.54791859  0.06589516 -1.09110524  0.71908574  0.73978725  1.28282636
  0.14533928 -0.61611067][ 0.04601433 -0.184482    0.14964075 -1.28821221 -0.69289057 -0.39250768
 -0.28955781  1.08564439][-1.14185152 -0.62264204 -0.36733675 -1.28821221 -0.69289057 -1.2809424
 -0.41036256 -0.70119842][ 1.23388019  2.38188392  0.25303625 -1.28821221 -0.69289057 -0.77326542
  2.17183891  0.49003012][-0.84488505  1.59945528 -0.05715025  1.78546278  4.33450617  1.32090213
  0.69500088 -0.44593516][ 0.63994726 -0.59134489  1.08020025  1.15818217 -0.69289057  0.47054319
  0.61043756 -0.44593516][-0.84488505 -0.27837344  0.14964075  0.59362962  0.83529911  0.30554817
  0.16950023 -0.70119842][-0.84488505  0.69183807  0.77001375  0.15453319  1.99880716  1.32090213
  1.82452526 -0.95646168][-0.84488505  0.69183807  0.25303625  0.09180513 -0.16323392 -0.73518964
 -0.65197205 -1.04154944][-1.14185152  0.53535234 -0.47073225  0.90726993  0.75715305  0.33093202
  0.18762094 -1.04154944][-0.25095213  1.63075243  0.77001375  0.7818138   3.4228021   0.47054319
 -0.64593181 -0.95646168][-0.84488505 -0.74783062 -0.05715025  0.02907707 -0.69289057 -0.6082704
  1.88190752 -0.95646168][ 0.04601433  0.72313521  0.66661825  0.71908574 -0.69289057  0.82591707
  0.24802331  0.31985461][-0.84488505 -1.18599065 -0.05715025 -1.28821221 -0.69289057 -1.75054361
  0.45943162 -0.53102292][-0.25095213  0.25367803 -0.26394125  0.53090156  0.30564246 -0.7098058
 -0.76371644 -0.44593516][-0.84488505 -0.05929342  0.97680475  1.28363829  0.78320173  1.68896794
  0.10607774 -0.61611067][-0.54791859 -0.84172205 -0.05715025 -0.15910711 -0.03299048 -0.76057349
  0.26916414 -1.04154944][-1.14185152 -0.59134489 -0.26394125  1.5972786  -0.01562469  1.09244749
  0.07285643 -1.04154944][-0.54791859 -0.184482   -0.26394125  0.09180513 -0.69289057 -0.15136112
 -0.15365247 -1.04154944][1.23388019 0.94221523 0.45982725 0.71908574 1.13051757 1.38436175
 0.1332588  0.23476686][ 0.04601433  1.97502103  0.45982725  1.15818217  1.7122716   0.63553821
 -0.6278111  -0.19067191][-1.14185152 -0.84172205 -3.57259724 -1.28821221 -0.69289057 -4.06047387
 -0.65197205 -0.70119842][-0.84488505  1.88112959 -0.26394125  0.59362962  0.87003069  0.26747239
 -0.43452351  0.40494237][-1.14185152  0.44146091  1.28699125  1.5972786   0.56612934  1.09244749
 -0.56740873 -0.61611067][-0.84488505 -0.81042491  0.66661825  0.27998931  0.87003069  0.38169971
 -0.72143478  0.83038113][-0.54791859 -0.68523633 -3.57259724 -1.28821221 -0.69289057 -1.24286663
 -1.09894962 -0.87137393][-0.25095213 -0.99820778  0.25303625 -0.28456324  0.04515558 -0.20212881
  0.23896296  0.40494237][-0.84488505 -1.27988209  0.25303625 -0.59820354 -0.17191682 -0.25289651
  0.16648011 -0.95646168][-0.54791859  0.56664949  0.304734   -1.28821221 -0.69289057 -0.81134119
 -0.92076261 -0.36084741][-0.84488505 -0.96691063 -0.05715025 -0.78638772 -0.69289057 -0.95095236
  2.01177262  0.23476686][-1.14185152  0.62924378 -3.57259724 -1.28821221 -0.69289057  1.32090213
 -0.8059981  -0.36084741][ 2.42174604  0.59794663  0.8217115   0.7818138  -0.69289057  0.6863059
 -0.68821348  0.66020563][ 0.3429808   0.81702665  0.304734   -1.28821221 -0.69289057 -0.26558844
 -0.11439093 -0.44593516][-0.84488505 -0.74783062  0.04624525 -0.3472913  -0.69289057 -1.75054361
 -0.98116499 -1.04154944][ 0.63994726 -0.43485916  0.97680475 -1.28821221 -0.69289057  0.61015436
  0.77050385 -0.19067191][-1.14185152  2.13150675  1.80396875  0.27998931 -0.69289057  0.29285624
 -0.11137081  0.66020563][-0.54791859 -1.18599065 -0.16054575  0.15453319 -0.25874578  0.02632583
  0.07587655 -0.95646168][ 0.04601433 -0.12188771 -0.26394125  0.40544544  0.34905694  0.15324507
 -0.73049514 -0.78628618][ 1.23388019 -0.40356202  0.04624525 -1.28821221 -0.69289057 -0.18943689
  1.4590909  -0.0204964 ][ 0.04601433 -0.12188771 -0.36733675 -0.53547548 -0.69289057 -0.29097229
 -0.27747734 -0.27575966][-1.14185152  1.84983245  0.45982725  2.66365564 -0.57133003  3.4785293
  5.88356477 -0.70119842][-0.84488505 -0.65393918  0.14964075 -0.53547548 -0.08508786 -0.84941697
  0.56211566 -0.44593516][-1.14185152 -0.81042491  0.56322275  1.53455054  0.10593585  0.57207858
 -0.42848327 -0.61611067][-1.14185152 -0.5287506  -0.26394125  1.03272605 -0.13718523  0.20401277
  0.11513809 -0.95646168][-1.14185152 -0.02799627  0.25303625 -0.15910711 -0.14586813 -0.18943689
 -0.56438861 -0.61611067][-0.84488505 -1.2172878  -0.26394125 -0.47274742  0.13198454 -1.36978587
 -0.17177318 -0.87137393][-0.54791859  0.41016376  0.04624525 -1.28821221 -0.69289057 -0.39250768
  0.21178189 -0.87137393][-1.14185152 -0.93561349 -0.05715025  0.71908574  1.13051757  1.00360402
 -0.27445722 -0.70119842][-0.54791859 -0.05929342 -3.57259724 -1.28821221 -0.69289057 -1.57285666
  1.08761631  3.29792597][-0.54791859 -0.65393918 -0.78091875  0.4681735   0.2188135   0.7370736
  0.07889667 -0.78628618][ 3.01567896  1.69334672 -0.36733675  0.59362962 -0.69289057  0.20401277
 -0.78485727  0.40494237][-0.84488505  0.44146091 -0.78091875 -1.28821221 -0.69289057 -0.67173002
  0.6496991   2.44704844][ 0.3429808  -1.09209922 -0.05715025  0.4681735  -0.07640496 -0.22751266
 -0.32579923 -0.78628618][1.82781311 0.84832379 0.77001375 1.72273472 1.36495576 0.71168975
 1.59801636 1.51108316][ 1.53084665  0.41016376  0.25303625  0.7818138  -0.17191682 -0.77326542
 -0.03586784  4.06371575][ 1.53084665 -0.02799627  0.14964075  0.09180513 -0.2066484  -1.42055357
  0.78862456  1.2558199 ][-0.84488505 -1.5615564  -0.36733675 -1.28821221 -0.69289057 -1.29363432
 -0.16875306 -0.61611067][ 1.23388019 -1.46766496  0.04624525  1.22091023 -0.26742867  0.41977549
  0.70406123  0.49003012][ 0.3429808  -1.02950492  0.45982725  0.59362962 -0.69289057 -0.5575027
 -0.64593181  0.31985461][ 1.82781311 -0.184482    1.49378225 -1.28821221 -0.69289057 -1.01441198
  1.66143885  0.06459135][-1.14185152  0.09719231 -0.67752325 -0.47274742  0.2188135  -1.29363432
 -0.06002879 -1.04154944][-1.14185152 -1.46766496 -0.88431425 -0.6609316  -0.38030632 -0.53211885
 -0.61271051 -0.95646168][-1.14185152 -0.74783062 -0.26394125  0.96999799  0.17539902  0.61015436
  0.38694877 -0.70119842][ 1.23388019 -0.02799627 -3.57259724 -1.28821221 -0.69289057 -0.25289651
 -0.87244072  0.40494237][ 0.63994726  1.03610667  0.45982725  1.28363829  0.52271486  1.79050334
  0.29936533 -0.53102292][-0.84488505  0.72313521  0.66661825  1.22091023 -0.69289057  1.18129096
  0.4080896  -0.44593516][-1.14185152  0.5040552   0.04624525  1.09545411 -0.69289057  0.15324507
 -0.91170226 -0.95646168][-1.14185152 -0.05929342 -0.16054575  0.40544544 -0.69289057  0.86399285
 -0.6429117  -0.95646168][ 0.93691372  0.47275805  1.08020025 -1.28821221 -0.69289057 -0.26558844
 -0.79089751  1.4259954 ][ 0.04601433 -0.21577915 -0.26394125 -1.28821221 -0.69289057 -0.39250768
 -1.04458748 -0.78628618][-1.14185152  0.5040552   0.77001375  0.40544544 -0.69289057 -0.59557847
 -0.72747502  2.19178518][-0.54791859 -0.49745345  0.56322275  1.53455054  0.96554255  0.2167047
  0.72218195 -0.36084741][ 0.93691372 -0.21577915  0.35643175 -0.22183517  0.26222798 -1.03979583
 -0.01774713 -0.19067191][ 1.23388019  0.1597866   0.25303625  1.09545411 -0.04167338 -0.77326542
 -0.93586321  0.49003012][ 0.04601433  0.34756947  0.87340925  0.65635768 -0.69289057 -0.506735
 -0.15969271  2.5321362 ][-0.25095213  1.16129525  0.04624525  0.59362962  2.15509929  0.44515934
 -0.38620161  0.14967911][-1.14185152  0.06589516  0.97680475  1.03272605 -0.69289057  0.40708356
 -0.83015905 -0.36084741][ 0.04601433 -1.12339636 -0.57412775  0.09180513 -0.26742867 -0.53211885
 -0.50096612 -0.44593516][-1.14185152 -1.15469351  0.66661825  0.65635768  0.39247142  0.7878413
 -0.72143478 -0.87137393][-1.14185152  0.75443236 -3.57259724 -1.28821221 -0.69289057  1.54935677
  0.47755233 -0.19067191][-1.14185152  0.44146091 -0.05715025  1.34636635  1.47783341  1.30821021
 -0.32277912 -0.78628618][-0.84488505  0.56664949 -0.36733675  1.28363829  3.47489947  1.10513941
  0.19366118 -1.04154944][-1.14185152  1.63075243  0.45982725  0.71908574  1.60807685  1.84127104
  2.07519511  2.10669743][ 0.04601433 -0.68523633  0.14964075 -0.22183517 -0.69289057 -0.81134119
 -0.53720754 -0.44593516][ 1.23388019  2.28799248  0.56322275 -1.28821221 -0.69289057 -0.74788157
  0.23896296  2.87248721][-0.54791859 -1.18599065 -0.2122435   0.4681735  -0.11981944  0.61015436
  0.47453221 -0.78628618][-0.54791859 -0.99820778  1.08020025  0.59362962 -0.69289057  0.19132085
 -0.54324778  0.74529338][ 0.04601433 -0.68523633 -0.05715025  1.09545411 -0.69289057  0.10247738
 -0.98720523 -0.0204964 ][ 0.04601433  0.12848945  0.04624525 -0.15910711  0.36642273 -0.39250768
  2.02989333  1.00055664][-0.25095213 -1.27988209 -3.57259724 -1.28821221 -0.69289057 -4.06047387
 -0.89962178 -0.95646168][ 0.63994726  1.41167241  0.25303625 -1.28821221 -0.69289057 -0.68442195
 -0.50700636  2.78739945][ 0.3429808  -0.34096773 -0.05715025 -1.28821221 -0.69289057 -0.76057349
 -0.54324778 -0.27575966][-0.54791859 -1.24858494  0.14964075 -0.3472913  -0.03299048 -0.24020459
  0.22688248 -0.70119842][ 0.93691372  2.31928962  0.04624525  0.7818138   0.56612934 -0.87480081
 -0.93284309  1.85143417][ 0.63994726  1.03610667  0.25303625  0.71908574  0.98290834 -0.34173998
  1.10875714  0.49003012][-0.54791859 -0.12188771  1.08020025 -0.09637905 -0.07640496 -0.86210889
 -0.47982529 -1.04154944][-0.25095213 -1.15469351  0.14964075  0.71908574 -0.69289057  0.66092205
 -0.61875075 -0.44593516][ 0.63994726 -3.78365371 -0.05715025  1.28363829 -0.69289057  0.8893767
  0.77050385  0.66020563][ 0.93691372 -0.84172205 -0.26394125  0.27998931 -0.00694179  0.165937
  0.80372515  0.66020563][-0.25095213 -0.77912776  0.45982725  1.15818217 -0.69289057  0.67361398
 -0.70633419  0.57511787][ 1.82781311 -1.43636781  0.66661825 -1.28821221 -0.69289057  0.165937
 -0.63083122  0.40494237][-1.14185152  1.84983245  1.08020025  0.34271738  0.08857006  0.57207858
 -0.47680517  0.14967911][-0.84488505  0.28497518 -0.47073225  0.15453319  0.78320173 -0.43058346
  0.66479969 -1.04154944][-0.54791859 -1.15469351 -0.98770975  0.15453319 -0.03299048 -0.20212881
  1.49835245 -1.04154944][ 1.23388019 -0.02799627  0.45982725 -1.28821221 -0.69289057 -0.88749274
 -0.18989389  2.61722395][ 2.42174604 -1.15469351  0.14964075  0.65635768 -0.69289057 -0.29097229
 -0.52814719  1.08564439][-1.14185152  0.56664949 -0.36733675 -0.22183517  1.13051757 -1.25555855
 -0.79995787 -1.04154944][ 1.53084665 -0.93561349 -0.05715025 -1.28821221 -0.69289057 -0.98902814
 -0.8210987   2.10669743][-0.54791859 -0.93561349 -0.36733675 -1.28821221 -0.69289057 -0.59557847
  0.16043987 -0.95646168][-0.25095213 -0.68523633 -0.78091875 -0.09637905  0.05383848 -0.81134119
 -0.96002416 -0.78628618][-0.25095213  1.31778097  0.04624525 -0.15910711  0.2188135  -0.04982572
 -0.61573063 -0.44593516][ 1.53084665  0.75443236  0.97680475  0.84454186  0.73978725 -0.21482074
  0.90338907  1.68125866][ 0.93691372  0.12848945  0.87340925 -1.28821221 -0.69289057  0.71168975
 -0.50700636  1.51108316][ 2.7187125  -1.40507067 -0.47073225 -1.28821221 -0.69289057  0.10247738
 -0.88150107  0.66020563][ 0.63994726  0.25367803  1.08020025 -0.84911579  2.1377335  -1.57285666
  0.33258664  2.27687294][-0.54791859 -1.65544783  0.04624525  0.71908574 -0.11981944 -0.88749274
 -0.86036024 -0.70119842][-0.25095213  0.09719231  0.56322275  0.7818138   0.4358859   0.15324507
 -0.50398624 -0.61611067][ 0.63994726 -0.21577915 -3.57259724 -1.28821221 -0.69289057 -4.06047387
 -0.85432    -0.61611067][ 1.53084665  0.28497518  0.04624525 -1.28821221 -0.69289057  0.28016432
  0.54399494  1.00055664][-0.25095213  0.12848945 -0.57412775 -1.28821221 -0.69289057 -0.04982572
 -0.96908451 -0.78628618][-0.25095213 -1.06080207 -0.47073225 -0.15910711 -0.69289057 -1.29363432
 -0.08418974 -1.04154944][-0.84488505 -0.74783062 -0.26394125 -0.09637905  0.01910689 -1.75054361
 -0.52210695 -1.04154944][-0.25095213 -0.15318486  0.25303625 -0.3472913   0.2188135  -0.72249772
 -1.10196973 -0.78628618][-1.14185152 -0.12188771 -0.16054575  0.65635768  0.93949386 -0.15136112
  0.06379607 -0.95646168][-1.14185152 -0.30967058 -0.2122435  -1.28821221 -0.69289057 -0.93826044
  0.56815589 -0.19067191][-0.54791859  0.03459802 -0.47073225 -0.15910711  0.2274964  -0.27828036
  0.74030266 -0.95646168][-1.14185152 -0.43485916  0.35643175 -1.28821221 -0.69289057  1.68896794
  0.64667898 -0.78628618][-0.84488505 -1.09209922 -0.16054575  1.97364696 -0.12850234  1.18129096
  1.34432639 -0.36084741][ 0.63994726 -0.93561349 -3.57259724 -1.28821221 -0.69289057 -0.27828036
  0.08795702 -0.19067191][-0.84488505 -1.37377352 -0.67752325  0.59362962 -0.2066484   0.165937
  2.35304603 -0.78628618][ 0.04601433  0.34756947 -3.57259724 -1.28821221 -0.69289057  0.1151693
 -0.51304659 -0.87137393][-1.14185152 -0.49745345  1.08020025 -1.28821221 -0.69289057 -0.30366421
 -0.83015905  1.08564439][-1.14185152 -1.99971643 -0.47073225 -1.28821221 -0.69289057 -1.30632625
  0.79466479  2.87248721][-1.14185152  0.19108374  0.56322275  1.03272605  1.13051757  0.54669473
  1.00305298 -0.87137393][-0.25095213  0.25367803  1.18359575  1.78546278  0.6529583   0.55938666
  1.49835245 -0.10558415][ 1.23388019 -0.65393918  0.25303625  1.22091023  1.17393205  0.94014439
  0.57117601  0.83038113][-0.25095213  0.22238089  0.14964075  0.27998931  0.95685965  0.05170968
  0.23292272 -0.53102292][ 1.82781311 -0.96691063  0.8217115   0.71908574 -0.69289057  0.36900779
  1.06647548  1.93652192][ 0.04601433 -1.15469351  1.08020025  0.15453319 -0.2066484   0.95283632
 -0.94492356 -0.70119842][-8.44885053e-01 -1.02950492e+00  4.59827252e-01  5.30901559e-01
 -3.29904822e-02  9.41978774e-04 -3.22779116e-01 -3.60847411e-01][ 1.23388019  2.03761532  1.08020025  0.90726993  1.26076101  0.31824009
 -0.14761223  0.31985461][0.3429808  2.06891246 0.35643175 0.40544544 1.10446888 1.47320522
 1.69768028 1.68125866][ 0.04601433  0.31627232 -0.05715025  0.02907707  0.74847015  0.14055315
 -0.94190344 -0.44593516][-0.84488505  1.34907812  0.66661825  1.40909441 -0.11113655  0.10247738
 -0.39526196  1.4259954 ][ 0.04601433  2.13150675  2.11415525  0.65635768 -0.69289057 -0.44327538
  0.62855827  0.31985461][-0.84488505 -0.15318486  0.04624525  0.4681735  -0.69289057 -0.58288655
 -0.80901822 -1.04154944][-0.25095213 -1.15469351 -0.05715025  0.59362962  0.2274964  -0.01174995
  0.3597677  -0.70119842][ 0.63994726 -0.21577915  0.97680475 -1.28821221 -0.69289057 -0.53211885
 -0.67915312  2.78739945][-0.84488505 -1.02950492 -0.36733675  0.21726125 -0.31084315 -0.26558844
 -0.15063235 -0.87137393][-0.84488505 -1.15469351 -0.26394125  0.15453319  0.30564246  0.62284628
 -0.00264654 -0.44593516][ 0.93691372  0.09719231  0.04624525  0.7818138   1.17393205 -0.82403312
 -0.93888333  0.31985461][-0.84488505 -0.74783062  0.04624525  1.22091023 -0.69289057  0.77514938
 -0.76673656 -0.27575966][ 1.23388019 -0.34096773  0.35643175 -1.28821221 -0.69289057 -0.53211885
 -0.70935431  2.10669743][ 2.12477957 -0.56004775 -0.05715025  1.22091023 -0.69289057  1.80319526
 -1.04458748  0.74529338][ 2.12477957 -1.12339636  0.25303625 -1.28821221 -0.69289057 -0.24020459
 -0.51908683  0.14967911][ 0.63994726  0.12848945  0.35643175 -1.28821221 -0.69289057  0.22939662
 -1.05968807  1.76634642][-1.14185152  2.41318106 -0.16054575  0.71908574  1.68622291  1.18129096
  0.09097714 -0.44593516][-0.84488505 -1.06080207 -0.05715025  0.84454186 -0.02430759  0.71168975
 -0.21405484 -0.78628618][ 0.63994726 -0.68523633 -0.47073225 -0.09637905 -0.22401419 -0.64634617
  0.07587655 -0.10558415][-1.14185152 -0.93561349  0.56322275 -1.28821221 -0.69289057  0.05170968
  0.38996889 -0.53102292][-0.54791859 -0.81042491 -0.78091875 -0.41001936  0.07120427 -0.74788157
  0.83392634 -0.95646168][-0.84488505 -0.68523633  0.14964075  0.59362962 -0.53659845  0.838609
 -0.18083354 -1.04154944][ 6.39947260e-01 -9.04316344e-01 -3.67336746e-01  7.19085742e-01
  4.01154314e-01  9.41978774e-04 -1.16841235e+00  1.08564439e+00][ 0.04601433  1.03610667  0.14964075  0.53090156  0.40115431 -0.08790149
 -0.40432232  0.31985461][-1.14185152  0.00330087 -0.16054575  0.59362962  0.73978725  0.29285624
 -0.81203834 -0.0204964 ][-0.25095213 -1.34247638  0.04624525 -1.28821221 -0.69289057  0.0644016
 -0.60969039  0.49003012][-0.54791859  0.28497518  1.39038675 -1.28821221 -0.69289057 -1.19209893
 -0.61573063 -1.04154944][-0.25095213 -0.30967058 -0.57412775  0.65635768 -0.31084315 -0.31635613
 -0.1264714  -0.95646168][-0.54791859 -0.71653347 -0.47073225 -0.22183517  0.34905694  0.34362394
 -0.82713894 -0.95646168][-0.84488505  0.69183807  0.87340925  0.59362962  2.17246508 -0.24020459
  1.26882343 -0.87137393][-0.84488505 -0.05929342 -1.29789624  1.66000666 -0.14586813  0.44515934
 -0.5794892  -0.70119842][ 0.63994726 -0.40356202 -1.29789624 -0.03365099  0.4358859  -1.01441198
  1.03023405  0.14967911][-0.54791859 -0.09059057  0.56322275 -1.28821221 -0.69289057  1.38436175
  0.66781981 -1.04154944][ 1.82781311  0.37886661 -0.05715025 -1.28821221 -0.69289057 -0.63365425
 -0.68519336  0.23476686][-0.54791859  2.38188392  0.04624525  4.92186584 -0.69289057  0.34362394
  0.31144581  2.44704844][-1.14185152  0.94221523  1.08020025  1.5972786  -0.69289057  1.28282636
 -0.3046584  -1.04154944][ 0.63994726 -0.37226487 -0.47073225  0.40544544 -0.69289057 -0.88749274
 -0.80297799 -0.53102292][ 2.42174604  0.00330087  0.45982725 -0.22183517 -0.69289057 -0.69711387
 -0.6429117   2.44704844][ 1.23388019 -0.65393918  0.35643175 -1.28821221 -0.69289057  0.85130092
 -0.85129988  0.74529338][ 1.23388019  0.09719231  0.35643175  0.21726125  4.51684698 -0.41789153
  0.6496991   1.59617091][-0.84488505 -0.8730192  -0.67752325 -0.59820354 -0.69289057 -1.20479085
 -0.16573294 -0.95646168][ 1.23388019  0.69183807 -0.16054575 -1.28821221 -0.69289057  0.36900779
 -1.03552712  0.66020563][ 0.63994726 -0.56004775 -0.16054575 -1.28821221 -0.69289057 -0.97633621
 -0.67311288 -0.36084741][-0.25095213  1.72464386  0.87340925  0.40544544  0.66164119  0.165937
  2.06009452  1.59617091][-1.14185152 -1.4989621  -3.57259724 -1.28821221 -0.69289057 -1.3824778
 -0.39224185 -0.70119842][ 2.12477957 -0.30967058  0.77001375  1.22091023 -0.69289057  1.87934681
  1.36848734  1.00055664][-0.54791859 -0.27837344  0.45982725  1.84819084  0.52271486  0.94014439
 -0.89660166 -0.78628618][-0.25095213  0.34756947  0.56322275 -1.28821221 -0.69289057  0.30554817
 -0.21103473  0.91546889][-0.54791859 -1.2172878  -0.88431425  0.09180513  0.30564246 -0.44327538
  3.7060592  -0.70119842][0.63994726 0.06589516 0.14964075 1.53455054 1.30417549 0.20401277
 0.78862456 0.06459135][-1.14185152e+00  2.10020961e+00  6.66618252e-01 -4.10019358e-01
  9.13445173e-01  9.41978774e-04  6.34598505e-01 -9.56461683e-01][-1.14185152 -1.68674498  0.35643175 -1.28821221 -0.69289057  1.68896794
 -0.83921941  1.08564439][-0.84488505 -0.99820778 -2.33185124 -0.09637905 -0.47581817 -0.53211885
  0.26312391 -1.04154944][-0.84488505  1.63075243  0.25303625 -1.28821221 -0.69289057  0.61015436
 -1.15935199  0.40494237][-0.84488505 -0.37226487 -1.60808274 -0.15910711  0.34905694 -1.1286393
 -0.19593413 -0.61611067][-0.84488505 -0.40356202  0.97680475 -0.09637905 -0.69289057 -0.62096232
 -0.21707496 -0.78628618][ 0.63994726 -0.77912776 -3.57259724 -1.28821221 -0.69289057 -1.05248776
 -0.85129988 -0.44593516][-0.84488505  0.09719231  0.25303625  0.96999799 -0.69289057 -0.53211885
 -1.12311057 -0.27575966][0.93691372 0.91091809 0.45982725 0.53090156 0.40115431 0.40708356
 0.66479969 1.76634642][ 0.04601433  1.94372388 -3.57259724 -1.28821221 -0.69289057 -0.4559673
 -0.78485727  0.23476686][-0.84488505  0.09719231 -0.47073225  0.71908574 -0.69289057  0.48323511
  0.12721857 -1.04154944][-0.84488505  1.88112959  0.45982725  1.34636635  1.85119793  1.01629594
  2.37418686 -0.95646168][-0.84488505 -0.90431634 -0.36733675  0.27998931 -0.33689184 -1.58554859
  0.03057477 -0.70119842][-1.14185152  0.97351238  0.66661825  1.15818217  1.66885712  1.20667481
 -0.60969039 -0.53102292][-0.84488505 -0.30967058 -0.36733675 -0.47274742  0.88739649 -1.01441198
 -1.00834606 -0.87137393][-0.25095213 -0.46615631 -0.78091875  0.02907707  0.67900698 -0.13866919
 -0.54324778 -0.78628618][-0.25095213  1.66204957 -0.57412775  0.09180513  0.99159124  0.1151693
  0.36580794  0.23476686][0.93691372 1.4742667  0.97680475 1.34636635 2.09431902 0.7878413
 0.95171097 0.57511787][ 0.63994726 -0.49745345  0.56322275  0.4681735  -0.69289057  0.0644016
  1.22654177 -0.61611067][2.12477957 0.53535234 0.25303625 0.34271738 0.55744644 0.52131088
 0.25708367 1.4259954 ][-0.25095213 -0.46615631  0.14964075 -1.28821221 -0.69289057 -0.78595734
 -0.79995787 -0.53102292][ 0.63994726 -0.12188771  1.39038675 -1.28821221 -0.69289057 -0.41789153
 -0.9509638  -0.27575966][-0.54791859 -1.65544783 -0.36733675 -0.47274742 -0.56264713 -1.50939704
 -0.64895193 -0.87137393][ 1.53084665 -0.27837344  0.66661825  0.21726125 -0.69289057 -0.48135115
  2.44666971  1.4259954 ][-1.14185152 -0.05929342 -3.57259724 -1.28821221 -0.69289057  0.05170968
 -0.9992857  -0.78628618][-0.54791859 -0.27837344  0.87340925  1.34636635  0.69637278  0.81322515
 -0.68217324 -0.44593516][-0.54791859 -0.90431634  0.35643175 -0.03365099 -0.69289057 -0.98902814
  3.70303908 -0.44593516][ 0.63994726  1.94372388  1.28699125 -1.28821221 -0.69289057  1.11783134
  2.98727095  1.00055664][-1.14185152 -0.84172205  0.04624525  0.40544544  0.30564246  1.4605133
 -0.37714125 -1.04154944][-0.54791859 -0.40356202 -0.26394125 -1.28821221 -0.69289057 -0.15136112
 -0.94794368 -1.04154944][ 0.04601433 -0.96691063  0.97680475  1.66000666 -0.22401419  0.72438168
 -0.33183947 -0.36084741][-1.14185152  0.12848945 -0.05715025 -1.28821221 -0.69289057 -0.92556851
 -0.80297799 -1.04154944][-1.14185152  0.34756947  0.45982725 -1.28821221 -0.69289057  0.05170968
 -0.23821579 -1.04154944][ 0.3429808   0.22238089  0.56322275 -1.28821221 -0.69289057  0.33093202
 -0.99022534  1.00055664][ 0.04601433 -0.84172205 -0.2122435   0.09180513 -0.69289057 -0.92556851
 -0.97814487 -1.04154944][ 0.93691372 -0.21577915 -0.26394125 -1.28821221 -0.69289057 -0.58288655
  0.78560444  0.06459135][-1.14185152 -0.59134489  0.45982725  1.22091023  0.08857006  0.31824009
 -0.70633419 -0.78628618][-0.54791859 -0.30967058 -0.47073225 -1.28821221 -0.69289057 -0.73518964
 -0.38922173 -0.87137393][-0.84488505  0.22238089  0.66661825 -0.22183517  0.89607938 -0.57019463
 -1.07780879 -0.95646168][ 1.82781311 -0.90431634 -0.36733675 -1.28821221 -0.69289057 -0.77326542
 -0.92076261 -0.19067191][ 2.7187125  -0.5287506   0.14964075 -1.28821221 -0.69289057 -0.10059342
 -0.02076725  0.40494237][ 0.3429808  -0.5287506   0.25303625 -1.28821221 -0.69289057 -0.40519961
 -0.96304428  1.2558199 ][-0.54791859 -0.84172205  0.35643175 -0.15910711 -0.11981944 -0.04982572
  0.53493459 -0.87137393][ 0.93691372 -0.74783062  0.35643175  0.71908574  0.09725296  1.13052326
  1.20540093 -0.10558415][-0.84488505 -0.65393918  0.25303625 -0.53547548 -0.29347736 -1.58554859
 -0.97512475 -0.44593516][-1.14185152 -0.59134489  0.87340925 -0.22183517  0.2188135  -0.34173998
  0.67386005 -0.53102292][ 0.04601433  0.22238089  0.04624525 -1.28821221 -0.69289057  0.29285624
 -0.51002647 -0.78628618][ 0.63994726  0.81702665  0.56322275 -1.28821221 -0.69289057 -0.31635613
 -0.88754131  1.4259954 ][ 0.04601433 -0.96691063 -3.57259724 -1.28821221 -0.69289057 -0.506735
  0.41714996 -0.19067191][-0.25095213 -0.56004775  0.14964075  0.59362962  0.62690961 -0.5575027
  0.7795642  -0.53102292][-0.54791859  1.1299981   0.25303625  0.90726993  3.12758363  0.94014439
 -1.02042653 -0.27575966][-0.84488505  1.44296956  0.25303625 -0.22183517  0.55744644 -1.09056353
 -0.07512938 -0.0204964 ][-1.14185152  1.8185353  -0.98770975  0.96999799  0.68768988  0.7370736
 -0.05096844 -0.95646168][ 2.12477957  0.47275805  0.77001375  0.90726993  0.4358859  -0.46865923
 -0.63989158  0.74529338][-1.14185152 -0.43485916 -0.47073225  0.27998931 -0.69289057 -0.7098058
 -1.02344665 -0.87137393][-0.84488505 -0.93561349 -0.78091875  0.27998931  0.17539902 -0.86210889
 -0.71841466 -0.87137393][-0.84488505 -0.12188771 -0.47073225  0.15453319  0.2274964   0.22939662
 -0.01774713 -0.53102292][ 0.3429808   0.06589516  0.25303625  1.22091023 -0.02430759  0.26747239
 -0.61271051 -0.44593516][-0.54791859 -0.02799627 -0.78091875 -1.28821221 -0.69289057 -0.6590381
 -0.05096844 -0.53102292][-0.84488505 -0.46615631  0.04624525  0.4681735   0.47930038  0.28016432
 -0.99626558 -0.95646168][-0.54791859  1.06740381 -0.88431425  0.40544544  3.99587323  0.85130092
 -0.70029395 -0.70119842][-0.54791859 -0.62264204 -0.57412775  0.90726993  0.08857006 -1.29363432
 -0.95700404 -0.95646168][-0.84488505 -0.02799627  0.56322275  1.72273472  1.04368861  0.87668477
  2.08425547  0.66020563][ 2.12477957  0.19108374  1.90736425 -1.28821221 -0.69289057  0.8893767
 -0.85129988  1.51108316][-0.25095213 -1.27988209  0.66661825  0.65635768 -0.08508786  0.28016432
  2.4768709  -0.53102292][ 1.82781311  1.28648383  0.77001375 -1.28821221 -0.69289057 -0.54481078
 -0.87546083  1.76634642][-0.84488505  2.44447821  0.35643175  1.40909441 -0.69289057  1.38436175
  2.784923   -0.95646168][ 1.23388019  1.44296956  1.90736425  1.5972786   1.31285839  0.71168975
 -0.92680285  0.83038113][1.53084665 0.75443236 0.56322275 1.5972786  0.4358859  0.74976553
 0.49869316 0.57511787][ 0.63994726 -0.184482   -0.47073225  1.15818217 -0.69289057  0.2167047
 -0.68519336  0.57511787][-0.84488505 -0.27837344  0.56322275  1.53455054  0.45325169  0.35631587
 -0.76975668 -0.78628618][ 0.04601433  0.75443236  0.66661825 -0.15910711 -0.69289057  0.0644016
 -0.71539454  3.12775047][ 1.82781311 -0.30967058  0.04624525  0.40544544 -0.69289057 -0.57019463
 -0.9992857   0.57511787][ 0.63994726 -0.71653347 -0.57412775  0.7818138   0.95685965  0.25478047
 -0.1264714   0.83038113][ 1.53084665  1.03610667  0.45982725  0.59362962  0.17539902 -0.13866919
 -0.92982297  1.00055664][ 0.63994726  1.38037527 -0.05715025  0.34271738  0.76583594  0.20401277
  0.48057245  1.34090765][-0.84488505 -0.68523633 -0.57412775 -0.6609316  -0.69289057 -0.83672504
  0.23896296 -1.04154944][ 1.82781311 -1.65544783  1.90736425  0.15453319 -0.26742867  0.44515934
 -0.56438861  1.17073215][-0.25095213  0.06589516  1.59717775  0.90726993  1.39100445  3.21199889
  1.232582   -0.95646168][ 1.23388019 -0.93561349  0.66661825 -1.28821221 -0.69289057  0.45785126
  0.34768723  2.95757496][ 0.63994726  2.31928962  0.04624525 -1.28821221 -0.69289057 -0.13866919
 -0.43452351 -0.19067191][ 1.53084665  1.09870096  0.87340925 -1.28821221 -0.69289057 -0.91287659
 -0.73049514  1.68125866][-1.14185152 -0.8730192  -0.47073225 -1.28821221 -0.69289057  0.41977549
 -0.63083122 -0.70119842][-0.25095213  0.00330087 -0.88431425 -1.28821221 -0.69289057  0.50861896
 -1.04156736 -0.70119842][-0.54791859 -0.62264204 -0.57412775 -0.22183517  1.60807685 -0.98902814
  0.42923043 -0.87137393][-0.54791859 -2.03101358 -0.67752325  0.4681735  -0.30216026 -0.98902814
 -0.42244303 -0.95646168][-1.14185152  1.28648383  0.35643175  0.96999799 -0.69289057  2.2347207
 -0.32579923 -0.61611067][-1.14185152 -0.81042491 -0.26394125  1.15818217  0.2188135   1.60012447
 -0.319759   -0.95646168][ 0.04601433  0.12848945  0.56322275 -1.28821221 -0.69289057  0.03901775
  0.19366118 -0.53102292][ 0.3429808   0.47275805  0.66661825 -1.28821221 -0.69289057 -4.06047387
  0.50775352  3.04266271][-0.54791859  0.25367803  0.25303625  0.34271738  1.08710309  0.15324507
  0.3597677  -0.70119842][-0.25095213  0.28497518 -0.26394125 -1.28821221 -0.69289057 -1.1286393
 -0.47680517 -0.95646168][-0.84488505 -0.43485916 -0.98770975 -0.09637905 -0.69289057 -0.46865923
 -0.87848095 -0.36084741][-0.84488505  0.59794663  0.25303625  0.34271738  0.87003069 -1.00172006
  1.07553583 -0.87137393][-0.84488505  0.72313521  0.66661825  1.5972786   0.87003069  1.79050334
 -0.41338268  1.08564439][ 1.23388019 -0.43485916  0.56322275 -1.28821221 -0.69289057 -0.93826044
  1.16009915  0.06459135][ 2.7187125   1.16129525  2.32094625 -1.28821221 -0.69289057  1.30821021
 -0.64895193  0.91546889][-0.54791859  0.00330087  0.04624525  0.71908574  0.13198454  0.90206862
  1.25070271 -0.87137393][ 0.93691372  0.25367803 -0.05715025  1.78546278  0.39247142  0.82591707
 -0.09929033  0.83038113][-0.54791859 -0.96691063 -0.47073225 -1.28821221 -0.69289057 -1.07787161
 -0.84827977 -0.70119842][ 0.93691372  0.66054092  1.08020025  0.21726125  3.47489947 -0.20212881
 -1.03854724  0.83038113][-0.25095213  1.50556385  0.25303625 -0.09637905  0.39247142 -0.26558844
 -0.61573063 -0.19067191][-1.14185152 -0.68523633 -3.57259724 -1.28821221 -0.69289057 -0.88749274
 -0.66103241 -0.95646168][ 0.04601433  0.19108374  0.97680475 -0.59820354  0.6529583   0.31824009
  0.38090854 -0.44593516][ 0.04601433 -0.09059057  0.04624525 -1.28821221 -0.69289057  1.58743255
  1.30506485 -0.61611067][-0.54791859  0.03459802  0.35643175  0.40544544  1.04368861  0.49592704
  0.03359489 -0.61611067][ 0.63994726  0.12848945  0.45982725  0.65635768 -0.69289057 -0.5575027
  0.28124462  1.34090765][-0.84488505  1.4742667   0.97680475  0.53090156 -0.69289057  0.38169971
  1.30808497  1.59617091][-0.54791859  0.25367803 -3.57259724 -1.28821221 -0.69289057  0.82591707
 -0.50700636  0.66020563][ 0.04601433 -0.34096773  0.35643175 -0.03365099  0.17539902 -0.4559673
 -1.06874843 -0.53102292][ 0.63994726 -1.27988209  0.56322275  0.96999799 -0.69289057  0.99091209
 -0.89056143 -0.44593516][ 1.82781311 -0.184482   -3.57259724 -1.28821221 -0.69289057 -4.06047387
 -0.63687146 -0.27575966][-0.54791859  0.19108374 -1.19450074  0.02907707  2.21587956  0.30554817
 -0.89358155 -0.95646168][ 1.53084665  1.34907812  0.45982725 -1.28821221 -0.69289057  0.10247738
 -0.97814487  1.00055664][-0.54791859 -0.8730192  -0.26394125  0.71908574  0.69637278  0.76245745
  0.61043756 -0.87137393][-0.25095213  1.16129525 -0.26394125 -0.47274742  2.66739015 -0.10059342
 -0.53418742 -0.78628618][ 0.3429808   0.1597866   0.45982725  0.40544544 -0.50186686 -0.30366421
 -0.09929033  0.57511787][ 1.82781311  0.25367803 -0.36733675  0.96999799 -0.69289057  1.16859904
 -0.0932501   0.40494237][-1.14185152  0.41016376 -0.57412775 -0.03365099  1.83383214 -0.7098058
 -0.36204066 -1.04154944][-0.25095213 -0.59134489  0.25303625 -1.28821221 -0.69289057 -0.31635613
 -1.05968807 -0.10558415][ 0.93691372  2.06891246 -0.98770975  0.7818138   2.71080463  0.24208854
  1.06949559  0.06459135][-0.25095213  1.63075243  0.45982725  1.15818217  0.91344517  0.22939662
  1.50439268 -0.19067191][ 1.82781311 -0.84172205  0.14964075 -0.15910711 -0.69289057 -1.1286393
  0.37184818  1.93652192][-0.84488505 -0.40356202 -0.47073225  1.5972786   0.8526649   0.44515934
 -0.17177318 -0.78628618][ 0.3429808  -0.74783062  0.35643175  0.40544544 -0.69289057  0.45785126
 -0.28351757  1.59617091][ 0.04601433 -1.18599065  0.87340925 -0.09637905 -0.69289057 -0.34173998
 -0.46774481  0.06459135][-0.84488505 -0.21577915 -0.16054575  0.96999799  1.04368861  0.77514938
 -0.55230814 -1.04154944][-0.84488505  0.87962094 -0.05715025  0.53090156  0.40983721 -0.34173998
 -0.37110101  0.74529338][ 0.3429808  -0.12188771  0.87340925  0.59362962  0.2188135   0.90206862
 -0.66707265  0.74529338][-0.84488505 -0.30967058  1.28699125 -1.28821221 -0.69289057  0.10247738
 -0.62479098  1.00055664][ 0.04601433 -0.27837344  0.45982725  1.22091023 -0.69289057  0.94014439
 -0.71237443  0.40494237][-0.84488505 -0.15318486  0.45982725  0.53090156  0.87003069  0.52131088
  0.07285643 -0.70119842][-1.14185152  0.62924378  0.77001375  0.34271738 -0.69289057  0.05170968
 -0.11741105 -0.95646168][-0.54791859  1.69334672  0.97680475 -1.28821221 -0.69289057 -1.15402315
 -0.44056374 -0.95646168][-0.54791859 -0.90431634 -0.88431425 -1.28821221 -0.69289057 -0.24020459
 -0.9992857  -0.95646168][-0.25095213  0.28497518  0.45982725  0.15453319 -0.00694179 -0.4559673
 -0.4496241   0.06459135][ 1.23388019 -0.02799627  0.87340925 -1.28821221 -0.69289057 -0.4559673
 -0.6429117  -0.95646168][-0.54791859  1.66204957  0.97680475  1.03272605  0.34905694  1.58743255
  0.52587423 -0.78628618][-0.54791859 -0.46615631 -0.67752325  0.40544544  0.73978725 -0.37981576
 -0.13855188 -0.95646168][-0.54791859 -0.49745345  0.304734   -1.28821221 -0.69289057 -1.10325546
  0.26614403  1.68125866][ 0.04601433 -0.81042491 -0.47073225  0.71908574 -0.69289057  0.43246741
 -0.56740873 -0.44593516][-1.14185152  0.1597866   0.87340925  0.40544544  0.34905694 -0.58288655
  0.13023869 -1.04154944][ 1.23388019e+00 -1.74933927e+00  1.49640753e-01  1.54533192e-01
 -6.92890572e-01  9.41978774e-04  3.86948773e-01  7.45293379e-01][-0.54791859 -0.68523633 -0.47073225 -0.22183517  0.69637278  0.58477051
 -0.05700867 -1.04154944][-0.84488505 -0.59134489  0.25303625 -1.28821221 -0.69289057  0.95283632
 -0.54022766  0.74529338][ 2.12477957 -0.02799627  0.56322275  1.03272605  0.60954382  1.30821021
  0.94567073  1.2558199 ][-0.25095213 -0.59134489 -1.29789624 -0.03365099  0.12330164 -0.15136112
 -0.21707496 -0.61611067][-0.84488505 -0.37226487 -0.57412775 -0.15910711  0.31432535 -0.44327538
 -0.76371644 -0.95646168][ 1.53084665  0.59794663  1.28699125 -1.28821221 -0.69289057  0.08978545
  0.79164468  1.00055664][2.7187125  1.00480952 0.97680475 1.03272605 0.52271486 1.09244749
 2.12049689 0.49003012][ 2.42174604 -0.65393918  0.77001375  0.7818138   0.2188135  -0.25289651
  0.04869548  1.08564439][-0.84488505  0.81702665  1.28699125  1.28363829 -0.69289057  2.19664492
 -0.34391995 -0.53102292][-0.84488505 -1.24858494  0.25303625  1.28363829 -0.1979655   1.81588719
  1.88492764 -0.10558415][-0.25095213  2.06891246  0.04624525  0.09180513  1.04368861  0.55938666
 -0.19291401  0.23476686][ 0.63994726  1.28648383 -0.36733675 -1.28821221 -0.69289057 -0.97633621
 -0.88754131  1.4259954 ][ 0.04601433  0.47275805  0.04624525 -1.28821221 -0.69289057 -0.10059342
  2.14465784 -0.95646168][-0.84488505  0.00330087  0.45982725  1.15818217 -0.05035627  0.8893767
 -0.63687146 -0.44593516][-0.25095213 -0.40356202 -0.36733675  0.21726125 -0.69289057 -0.76057349
 -0.75163597 -0.70119842][-1.14185152  1.88112959  0.97680475  1.47182248  3.73538635  1.43512945
 -0.75465609 -0.61611067][ 1.23388019  1.03610667  0.45982725  0.71908574 -0.69289057  0.05170968
 -0.08720986  1.00055664][-0.84488505  0.22238089  0.97680475  1.15818217  0.26222798  0.57207858
  1.76714301  0.31985461][ 9.36913723e-01  5.04055196e-01  1.08020025e+00  1.28363829e+00
 -6.92890572e-01  9.41978774e-04 -2.44256030e-01  4.90030120e-01][-1.14185152  0.06589516  0.14964075 -1.28821221 -0.69289057  0.54669473
 -0.64593181  1.59617091][-0.84488505 -0.46615631  0.35643175 -1.28821221 -0.69289057  0.69899783
 -0.83015905 -0.61611067][ 0.63994726  2.1628039   1.18359575 -1.28821221 -0.69289057  0.44515934
 -0.58552944  2.78739945][-0.54791859 -1.02950492 -0.57412775  0.34271738 -0.55396424 -0.4559673
  0.88828847 -0.95646168][ 1.53084665  1.53686099  0.25303625  0.65635768 -0.69289057  1.52397292
 -0.20801461  0.83038113][ 1.53084665 -0.99820778 -0.36733675 -1.28821221 -0.69289057 -1.20479085
 -0.99626558 -0.0204964 ][ 1.82781311 -0.62264204  0.35643175  1.72273472  0.87003069  0.1151693
 -0.90868214  2.5321362 ][-0.54791859  0.03459802  0.04624525  0.40544544 -0.69289057  0.61015436
 -0.39828208 -0.53102292][ 0.3429808   0.00330087  0.14964075  0.15453319  0.27959377 -0.73518964
 -0.68519336 -0.27575966][-0.84488505  0.1597866  -0.47073225 -1.28821221 -0.69289057 -0.24020459
 -0.37110101  1.17073215][-0.84488505 -0.8730192   0.04624525  0.65635768 -0.69289057 -0.20212881
 -0.47378505 -0.87137393]